-,,,-

1111181111111181111
8111011111 (mnu), 101. 1117.
81111111 (1011111111 111011), 711.

8111111 (1111111111), 1676.
8111(11111111111), 1171,17ο7-17.8-1111
(141), 1171. 11811181.)
humando, 8-111 (11) 1111111. 17777
Mart. 1114;817111.1777. Faunum
811411(11011111111111111), 1744. ((111),
81111111 ((1111.),110111. 279. - 1111111.
81111 (1111111111 11), 71. 701.
811111(1011111111 del), 1811. 81111111, c·
8111111 (811111 et 1131171111), 1771.
81111111 (11101), 488, 1011;(811111),
8ιὲἑιζὼξ1ἒέ8, 110011, 11111111. et 8011.

’ 81711, 8111 (castrum 11111), 719, 717.

ἱ

111 8171, 1· 8161111-111111111 (1.)
81710 (6111111111 de), ¹⁰9· 81711.)
8111011111 (Ρ11411)11 1711110, 771.
8111111, relicta 11. 0711111110, 178.
8111111 1011111111),1101, 1104.
8111111111 11111011 8111111), 774.
8111111(6110111),101111011. ›⁴2-
8111111101(1111111111111), 1074, 1110.
81111111(8111111) 1181117110, 911.
81111111(11111111111),881. 1181111111.)
8111711111 3811171111.

81111111, 1171. -— 8111111111, 1117.
feudatarius, 197, 787, 1101-70, 1797.
81111111, 7111111117 1111111111, 1411711111-

quum, 1116411888, ¹372, 1111·

6,1678; 1111111111, 194170, 711,

411, 608, 1047,1118, 11781707,

1111, 11181114188181181, 1791.

1447-7-6711111111111111111, 1769771111 111,

417 ; 1111111111,1089,1706·,11711111,1714

877, 1114, 16117 nobile, 18117771,

808, mol· 17ἓ1ἆ11111111811818

tuum, 1104 ;. 11111, 174, 111, 777,

111, 686, 111. 888, 1881, 1111,

1,774; 11111·-, 741, 1104. 8-111114-

mentum, 477, 871, 1148, 1417..
8111111, 8111111 (111011.),787; (1111),
81111111(817111111 111),.1614. [1801.
8111111111 (1111111111),111. 707.

811111 rubeum et croceum, 1117. 1111-

11111111111111, 94.
81111111,11111,784. 111 111 1101111111

11117117(1.)1
81011 (villelmus), 16747.

8111101111 (1110111111), cleric. p. 700.
811111(611111111)111111111, 766.
8111111111 (usque ad), 1709. 8111111111,

ι’ 801111-1111111-11-8011111 (11.)
81111111, 81011(111111111111), 1768, 1616.

8111111, 1· 8111111711 (1181)

’ 81171, 8-711(1111111111111),1498,1648.

81117 e tammonis (811).
811111111(111),1149,14111β7-11 1111·
881, 1771 lenm. llll-493 88111
2153 8111111111. 417,.1749;1111111118111υ
011111, 7767 Thomas, 177. 81011111
81111111111111111101,111, 714. ((1111.)
8111111111, (1111111711ῐί, 78,69,1ο4, 161,

111, 1111188. 1111, 71111 11111
1101, 7811111 81118181, 111» 181
1 0,
81011111 1101111 (11111111 de), 11481. 810-
1111011, 71111111 (1111).
81οτ11, 11111111 (111111. 87118987.
1111111111181111111, 7097 11101, 174,
mffi’ffiuffiffl’sfflgs’ 1147.
Flumen, 8-11, 8110,(1111111111), 14717
(1111111111 11), 17 71, 1611 (11111111. 111)
1787; (111111), 1768. 81111111(Η. 8.)
8111111, 11111. 1101111 Oeno, 947.
8011111111 (1011111.),11111111111, 1111.
8181411188, 11· 111181·
131111ιέῗῖᾅεῖιῖιὲ 1ῗῇὁίςῖᾇῖ 11111511,Ηέ
8111111111 (1.)
8011111111 (lohannes), 101. 18 5.-
8011011(1,111111111·11), 109. la 8111111111
80111111 (de), 791. ((1).
8011(10111111111111) 8111111111, 677.
80111111 ([10111114111111), 878. 8-111
a. .
Fogflknffithouiusl 798. ((1.)
8011111110 (11111111 de), 109. 8011111111
80111111 (111) parrochia, 9883 811111,
847. 8011111111 (1.). cf. 8111111111 de 8.
Fonte (111) 1111111. 10747 1111111.,111111.,
8117111. 10741116.
Fontem 87111 (1711111), 1718.
8011111111,81111,81111111,81111101111,
11111, 181; 11,81,1ο1,111,,118,
284, 11111117, Ρ· ³⁰² 3· 8088818881·
767, 7711180111 (81).
801111411111,801411-1, 81141100111ψ,
18111 lllllllllllllll· a.)
8011111 (Petrus de), 1868. La 81111 .....
8010111111111111111111111.1’879.8117’11(8111)·.
8011111111 (11011111), 799.
8011110011 dnus, 259. La forteresse (1.)
801111 (6111111111), 10771111.
801111111,618, 907, 974. (11111, 784).
8111111111) 171110, 17877 81101. 17747
Εἷιέξὲηἰκιξῖς 11011111, 1774. la
8111111111, ux. l. de Monte 1111110,171.
magma, ¹14⁷ 4²3) 690, ¹·037·77·
120.
81111111(11111111111),88-9, 70, 107, 117.
Francia), vl-corum reges, 47, 14417

887118414811 ω191· 11691 19881

 

